(kicad_pcb (version 20171130) (host pcbnew "(5.1.12)-1")

  (general
    (thickness 1.6)
    (drawings 27)
    (tracks 345)
    (zones 0)
    (modules 28)
    (nets 51)
  )

  (page A4)
  (layers
    (0 F.Cu signal hide)
    (31 B.Cu signal hide)
    (32 B.Adhes user)
    (33 F.Adhes user)
    (34 B.Paste user)
    (35 F.Paste user)
    (36 B.SilkS user)
    (37 F.SilkS user)
    (38 B.Mask user)
    (39 F.Mask user)
    (40 Dwgs.User user)
    (41 Cmts.User user)
    (42 Eco1.User user)
    (43 Eco2.User user)
    (44 Edge.Cuts user)
    (45 Margin user)
    (46 B.CrtYd user)
    (47 F.CrtYd user)
    (48 B.Fab user)
    (49 F.Fab user hide)
  )

  (setup
    (last_trace_width 0.25)
    (user_trace_width 0.35)
    (user_trace_width 0.5)
    (trace_clearance 0.2)
    (zone_clearance 0.508)
    (zone_45_only no)
    (trace_min 0.2)
    (via_size 0.8)
    (via_drill 0.4)
    (via_min_size 0.4)
    (via_min_drill 0.3)
    (uvia_size 0.3)
    (uvia_drill 0.1)
    (uvias_allowed no)
    (uvia_min_size 0.2)
    (uvia_min_drill 0.1)
    (edge_width 0.05)
    (segment_width 0.2)
    (pcb_text_width 0.3)
    (pcb_text_size 1.5 1.5)
    (mod_edge_width 0.12)
    (mod_text_size 1 1)
    (mod_text_width 0.15)
    (pad_size 1.524 1.524)
    (pad_drill 0.762)
    (pad_to_mask_clearance 0)
    (aux_axis_origin 0 0)
    (visible_elements 7FFFFFFF)
    (pcbplotparams
      (layerselection 0x010fc_ffffffff)
      (usegerberextensions false)
      (usegerberattributes true)
      (usegerberadvancedattributes true)
      (creategerberjobfile true)
      (excludeedgelayer true)
      (linewidth 0.100000)
      (plotframeref false)
      (viasonmask false)
      (mode 1)
      (useauxorigin false)
      (hpglpennumber 1)
      (hpglpenspeed 20)
      (hpglpendiameter 15.000000)
      (psnegative false)
      (psa4output false)
      (plotreference true)
      (plotvalue true)
      (plotinvisibletext false)
      (padsonsilk false)
      (subtractmaskfromsilk false)
      (outputformat 1)
      (mirror false)
      (drillshape 1)
      (scaleselection 1)
      (outputdirectory ""))
  )

  (net 0 "")
  (net 1 GND)
  (net 2 VCC)
  (net 3 +3V3)
  (net 4 +3.3VA)
  (net 5 /HSE_OUT)
  (net 6 /HSE_IN)
  (net 7 "Net-(D1-Pad1)")
  (net 8 /Bl)
  (net 9 /Gr)
  (net 10 +5V)
  (net 11 USB_D-)
  (net 12 USB_D+)
  (net 13 "Net-(J1-Pad4)")
  (net 14 "Net-(J1-Pad6)")
  (net 15 PB1)
  (net 16 PB2)
  (net 17 PB10)
  (net 18 PB11)
  (net 19 PB14)
  (net 20 PB15)
  (net 21 SWDIO)
  (net 22 SWCLK)
  (net 23 PA15)
  (net 24 SWO)
  (net 25 PB4)
  (net 26 PB5)
  (net 27 PB6)
  (net 28 PB7)
  (net 29 PB8)
  (net 30 PB9)
  (net 31 PC13)
  (net 32 PC14)
  (net 33 PC15)
  (net 34 PA0)
  (net 35 PA3)
  (net 36 PA4)
  (net 37 PA5)
  (net 38 PB0)
  (net 39 /BOOT0)
  (net 40 PA8)
  (net 41 PA9)
  (net 42 "Net-(U2-Pad7)")
  (net 43 "Net-(U2-Pad11)")
  (net 44 "Net-(U2-Pad12)")
  (net 45 "Net-(U2-Pad16)")
  (net 46 "Net-(U2-Pad25)")
  (net 47 "Net-(U2-Pad26)")
  (net 48 /Red)
  (net 49 PA10)
  (net 50 "Net-(U2-Pad17)")

  (net_class Default "This is the default net class."
    (clearance 0.2)
    (trace_width 0.25)
    (via_dia 0.8)
    (via_drill 0.4)
    (uvia_dia 0.3)
    (uvia_drill 0.1)
    (add_net +3.3VA)
    (add_net +3V3)
    (add_net +5V)
    (add_net /BOOT0)
    (add_net /Bl)
    (add_net /Gr)
    (add_net /HSE_IN)
    (add_net /HSE_OUT)
    (add_net /Red)
    (add_net GND)
    (add_net "Net-(D1-Pad1)")
    (add_net "Net-(J1-Pad4)")
    (add_net "Net-(J1-Pad6)")
    (add_net "Net-(U2-Pad11)")
    (add_net "Net-(U2-Pad12)")
    (add_net "Net-(U2-Pad16)")
    (add_net "Net-(U2-Pad17)")
    (add_net "Net-(U2-Pad25)")
    (add_net "Net-(U2-Pad26)")
    (add_net "Net-(U2-Pad7)")
    (add_net PA0)
    (add_net PA10)
    (add_net PA15)
    (add_net PA3)
    (add_net PA4)
    (add_net PA5)
    (add_net PA8)
    (add_net PA9)
    (add_net PB0)
    (add_net PB1)
    (add_net PB10)
    (add_net PB11)
    (add_net PB14)
    (add_net PB15)
    (add_net PB2)
    (add_net PB4)
    (add_net PB5)
    (add_net PB6)
    (add_net PB7)
    (add_net PB8)
    (add_net PB9)
    (add_net PC13)
    (add_net PC14)
    (add_net PC15)
    (add_net SWCLK)
    (add_net SWDIO)
    (add_net SWO)
    (add_net USB_D+)
    (add_net USB_D-)
    (add_net VCC)
  )

  (module test01:RGB_LED_2.1x2.1mm (layer F.Cu) (tedit 61CC5556) (tstamp 61CCFE25)
    (at 190.25 114.3 270)
    (path /61CE2C80)
    (fp_text reference D2 (at 2.7 -1.85 180) (layer F.SilkS)
      (effects (font (size 0.75 0.75) (thickness 0.15)))
    )
    (fp_text value LED_RGBC (at 1.75 2 90) (layer F.Fab)
      (effects (font (size 1 1) (thickness 0.15)))
    )
    (fp_line (start 0.1 -0.9) (end 3.2 -0.9) (layer Dwgs.User) (width 0.12))
    (fp_line (start 3.2 -0.9) (end 3.2 1) (layer Dwgs.User) (width 0.12))
    (fp_line (start 3.2 1) (end 0.1 1) (layer Dwgs.User) (width 0.12))
    (fp_line (start 0.1 1) (end 0.1 -0.9) (layer Dwgs.User) (width 0.12))
    (fp_poly (pts (xy 0.9 0.2) (xy 0.7 0.2) (xy 0.6 0.1) (xy 0.6 0)
      (xy 0.7 -0.1) (xy 0.9 -0.1)) (layer F.SilkS) (width 0.1))
    (fp_line (start 2.5 1.1) (end 0.8 1.1) (layer F.SilkS) (width 0.12))
    (fp_line (start 0.8 -1) (end 2.6 -1) (layer F.SilkS) (width 0.12))
    (pad 3 smd rect (at 2.5 -0.49 270) (size 0.85 0.55) (layers F.Cu F.Paste F.Mask)
      (net 48 /Red))
    (pad 4 smd rect (at 0.74 -0.49 270) (size 0.85 0.55) (layers F.Cu F.Paste F.Mask)
      (net 1 GND))
    (pad 1 smd rect (at 0.74 0.57 270) (size 0.85 0.55) (layers F.Cu F.Paste F.Mask)
      (net 9 /Gr))
    (pad 2 smd rect (at 2.5 0.57 270) (size 0.85 0.55) (layers F.Cu F.Paste F.Mask)
      (net 8 /Bl))
  )

  (module Capacitor_SMD:C_0603_1608Metric (layer F.Cu) (tedit 5F68FEEE) (tstamp 61CCF9F4)
    (at 194.15 107.05)
    (descr "Capacitor SMD 0603 (1608 Metric), square (rectangular) end terminal, IPC_7351 nominal, (Body size source: IPC-SM-782 page 76, https://www.pcb-3d.com/wordpress/wp-content/uploads/ipc-sm-782a_amendment_1_and_2.pdf), generated with kicad-footprint-generator")
    (tags capacitor)
    (path /62014414)
    (attr smd)
    (fp_text reference C1 (at 0 1.3) (layer F.SilkS)
      (effects (font (size 0.75 0.75) (thickness 0.15)))
    )
    (fp_text value 1u (at 0 1.43) (layer F.Fab)
      (effects (font (size 1 1) (thickness 0.15)))
    )
    (fp_line (start 1.48 0.73) (end -1.48 0.73) (layer F.CrtYd) (width 0.05))
    (fp_line (start 1.48 -0.73) (end 1.48 0.73) (layer F.CrtYd) (width 0.05))
    (fp_line (start -1.48 -0.73) (end 1.48 -0.73) (layer F.CrtYd) (width 0.05))
    (fp_line (start -1.48 0.73) (end -1.48 -0.73) (layer F.CrtYd) (width 0.05))
    (fp_line (start -0.14058 0.51) (end 0.14058 0.51) (layer F.SilkS) (width 0.12))
    (fp_line (start -0.14058 -0.51) (end 0.14058 -0.51) (layer F.SilkS) (width 0.12))
    (fp_line (start 0.8 0.4) (end -0.8 0.4) (layer F.Fab) (width 0.1))
    (fp_line (start 0.8 -0.4) (end 0.8 0.4) (layer F.Fab) (width 0.1))
    (fp_line (start -0.8 -0.4) (end 0.8 -0.4) (layer F.Fab) (width 0.1))
    (fp_line (start -0.8 0.4) (end -0.8 -0.4) (layer F.Fab) (width 0.1))
    (fp_text user %R (at 0 0) (layer F.Fab)
      (effects (font (size 0.4 0.4) (thickness 0.06)))
    )
    (pad 2 smd roundrect (at 0.775 0) (size 0.9 0.95) (layers F.Cu F.Paste F.Mask) (roundrect_rratio 0.25)
      (net 1 GND))
    (pad 1 smd roundrect (at -0.775 0) (size 0.9 0.95) (layers F.Cu F.Paste F.Mask) (roundrect_rratio 0.25)
      (net 2 VCC))
    (model ${KISYS3DMOD}/Capacitor_SMD.3dshapes/C_0603_1608Metric.wrl
      (at (xyz 0 0 0))
      (scale (xyz 1 1 1))
      (rotate (xyz 0 0 0))
    )
  )

  (module Capacitor_SMD:C_0603_1608Metric (layer F.Cu) (tedit 5F68FEEE) (tstamp 61CCF9C4)
    (at 194.15 115.05 180)
    (descr "Capacitor SMD 0603 (1608 Metric), square (rectangular) end terminal, IPC_7351 nominal, (Body size source: IPC-SM-782 page 76, https://www.pcb-3d.com/wordpress/wp-content/uploads/ipc-sm-782a_amendment_1_and_2.pdf), generated with kicad-footprint-generator")
    (tags capacitor)
    (path /620143E1)
    (attr smd)
    (fp_text reference C2 (at 0 -1.43 180) (layer F.SilkS)
      (effects (font (size 0.75 0.75) (thickness 0.15)))
    )
    (fp_text value 1u (at 0 1.43) (layer F.Fab)
      (effects (font (size 1 1) (thickness 0.15)))
    )
    (fp_line (start -0.8 0.4) (end -0.8 -0.4) (layer F.Fab) (width 0.1))
    (fp_line (start -0.8 -0.4) (end 0.8 -0.4) (layer F.Fab) (width 0.1))
    (fp_line (start 0.8 -0.4) (end 0.8 0.4) (layer F.Fab) (width 0.1))
    (fp_line (start 0.8 0.4) (end -0.8 0.4) (layer F.Fab) (width 0.1))
    (fp_line (start -0.14058 -0.51) (end 0.14058 -0.51) (layer F.SilkS) (width 0.12))
    (fp_line (start -0.14058 0.51) (end 0.14058 0.51) (layer F.SilkS) (width 0.12))
    (fp_line (start -1.48 0.73) (end -1.48 -0.73) (layer F.CrtYd) (width 0.05))
    (fp_line (start -1.48 -0.73) (end 1.48 -0.73) (layer F.CrtYd) (width 0.05))
    (fp_line (start 1.48 -0.73) (end 1.48 0.73) (layer F.CrtYd) (width 0.05))
    (fp_line (start 1.48 0.73) (end -1.48 0.73) (layer F.CrtYd) (width 0.05))
    (fp_text user %R (at 0 0) (layer F.Fab)
      (effects (font (size 0.4 0.4) (thickness 0.06)))
    )
    (pad 1 smd roundrect (at -0.775 0 180) (size 0.9 0.95) (layers F.Cu F.Paste F.Mask) (roundrect_rratio 0.25)
      (net 3 +3V3))
    (pad 2 smd roundrect (at 0.775 0 180) (size 0.9 0.95) (layers F.Cu F.Paste F.Mask) (roundrect_rratio 0.25)
      (net 1 GND))
    (model ${KISYS3DMOD}/Capacitor_SMD.3dshapes/C_0603_1608Metric.wrl
      (at (xyz 0 0 0))
      (scale (xyz 1 1 1))
      (rotate (xyz 0 0 0))
    )
  )

  (module Capacitor_SMD:C_0603_1608Metric (layer F.Cu) (tedit 5F68FEEE) (tstamp 61CBF894)
    (at 173.8 133.15 90)
    (descr "Capacitor SMD 0603 (1608 Metric), square (rectangular) end terminal, IPC_7351 nominal, (Body size source: IPC-SM-782 page 76, https://www.pcb-3d.com/wordpress/wp-content/uploads/ipc-sm-782a_amendment_1_and_2.pdf), generated with kicad-footprint-generator")
    (tags capacitor)
    (path /61D3C856)
    (attr smd)
    (fp_text reference C3 (at -2.2 -0.05 180) (layer F.SilkS)
      (effects (font (size 0.75 0.75) (thickness 0.15)))
    )
    (fp_text value 4u7 (at 0 1.43 90) (layer F.Fab)
      (effects (font (size 1 1) (thickness 0.15)))
    )
    (fp_line (start -0.8 0.4) (end -0.8 -0.4) (layer F.Fab) (width 0.1))
    (fp_line (start -0.8 -0.4) (end 0.8 -0.4) (layer F.Fab) (width 0.1))
    (fp_line (start 0.8 -0.4) (end 0.8 0.4) (layer F.Fab) (width 0.1))
    (fp_line (start 0.8 0.4) (end -0.8 0.4) (layer F.Fab) (width 0.1))
    (fp_line (start -0.14058 -0.51) (end 0.14058 -0.51) (layer F.SilkS) (width 0.12))
    (fp_line (start -0.14058 0.51) (end 0.14058 0.51) (layer F.SilkS) (width 0.12))
    (fp_line (start -1.48 0.73) (end -1.48 -0.73) (layer F.CrtYd) (width 0.05))
    (fp_line (start -1.48 -0.73) (end 1.48 -0.73) (layer F.CrtYd) (width 0.05))
    (fp_line (start 1.48 -0.73) (end 1.48 0.73) (layer F.CrtYd) (width 0.05))
    (fp_line (start 1.48 0.73) (end -1.48 0.73) (layer F.CrtYd) (width 0.05))
    (fp_text user %R (at 0 0 90) (layer F.Fab)
      (effects (font (size 0.4 0.4) (thickness 0.06)))
    )
    (pad 1 smd roundrect (at -0.775 0 90) (size 0.9 0.95) (layers F.Cu F.Paste F.Mask) (roundrect_rratio 0.25)
      (net 3 +3V3))
    (pad 2 smd roundrect (at 0.775 0 90) (size 0.9 0.95) (layers F.Cu F.Paste F.Mask) (roundrect_rratio 0.25)
      (net 1 GND))
    (model ${KISYS3DMOD}/Capacitor_SMD.3dshapes/C_0603_1608Metric.wrl
      (at (xyz 0 0 0))
      (scale (xyz 1 1 1))
      (rotate (xyz 0 0 0))
    )
  )

  (module Capacitor_SMD:C_0402_1005Metric (layer F.Cu) (tedit 5F68FEEE) (tstamp 61CBF8A5)
    (at 178.8 133.7 270)
    (descr "Capacitor SMD 0402 (1005 Metric), square (rectangular) end terminal, IPC_7351 nominal, (Body size source: IPC-SM-782 page 76, https://www.pcb-3d.com/wordpress/wp-content/uploads/ipc-sm-782a_amendment_1_and_2.pdf), generated with kicad-footprint-generator")
    (tags capacitor)
    (path /61D710BA)
    (attr smd)
    (fp_text reference C4 (at 1.7 0 180) (layer F.SilkS)
      (effects (font (size 0.75 0.75) (thickness 0.15)))
    )
    (fp_text value 100n (at 0 1.16 90) (layer F.Fab)
      (effects (font (size 1 1) (thickness 0.15)))
    )
    (fp_line (start -0.5 0.25) (end -0.5 -0.25) (layer F.Fab) (width 0.1))
    (fp_line (start -0.5 -0.25) (end 0.5 -0.25) (layer F.Fab) (width 0.1))
    (fp_line (start 0.5 -0.25) (end 0.5 0.25) (layer F.Fab) (width 0.1))
    (fp_line (start 0.5 0.25) (end -0.5 0.25) (layer F.Fab) (width 0.1))
    (fp_line (start -0.107836 -0.36) (end 0.107836 -0.36) (layer F.SilkS) (width 0.12))
    (fp_line (start -0.107836 0.36) (end 0.107836 0.36) (layer F.SilkS) (width 0.12))
    (fp_line (start -0.91 0.46) (end -0.91 -0.46) (layer F.CrtYd) (width 0.05))
    (fp_line (start -0.91 -0.46) (end 0.91 -0.46) (layer F.CrtYd) (width 0.05))
    (fp_line (start 0.91 -0.46) (end 0.91 0.46) (layer F.CrtYd) (width 0.05))
    (fp_line (start 0.91 0.46) (end -0.91 0.46) (layer F.CrtYd) (width 0.05))
    (fp_text user %R (at 0 0 90) (layer F.Fab)
      (effects (font (size 0.25 0.25) (thickness 0.04)))
    )
    (pad 1 smd roundrect (at -0.48 0 270) (size 0.56 0.62) (layers F.Cu F.Paste F.Mask) (roundrect_rratio 0.25)
      (net 3 +3V3))
    (pad 2 smd roundrect (at 0.48 0 270) (size 0.56 0.62) (layers F.Cu F.Paste F.Mask) (roundrect_rratio 0.25)
      (net 1 GND))
    (model ${KISYS3DMOD}/Capacitor_SMD.3dshapes/C_0402_1005Metric.wrl
      (at (xyz 0 0 0))
      (scale (xyz 1 1 1))
      (rotate (xyz 0 0 0))
    )
  )

  (module Capacitor_SMD:C_0402_1005Metric (layer F.Cu) (tedit 5F68FEEE) (tstamp 61CBF8B6)
    (at 179 119.45)
    (descr "Capacitor SMD 0402 (1005 Metric), square (rectangular) end terminal, IPC_7351 nominal, (Body size source: IPC-SM-782 page 76, https://www.pcb-3d.com/wordpress/wp-content/uploads/ipc-sm-782a_amendment_1_and_2.pdf), generated with kicad-footprint-generator")
    (tags capacitor)
    (path /61D717E1)
    (attr smd)
    (fp_text reference C5 (at 0 -1.1) (layer F.SilkS)
      (effects (font (size 0.75 0.75) (thickness 0.15)))
    )
    (fp_text value 100n (at 0 1.16) (layer F.Fab)
      (effects (font (size 1 1) (thickness 0.15)))
    )
    (fp_line (start 0.91 0.46) (end -0.91 0.46) (layer F.CrtYd) (width 0.05))
    (fp_line (start 0.91 -0.46) (end 0.91 0.46) (layer F.CrtYd) (width 0.05))
    (fp_line (start -0.91 -0.46) (end 0.91 -0.46) (layer F.CrtYd) (width 0.05))
    (fp_line (start -0.91 0.46) (end -0.91 -0.46) (layer F.CrtYd) (width 0.05))
    (fp_line (start -0.107836 0.36) (end 0.107836 0.36) (layer F.SilkS) (width 0.12))
    (fp_line (start -0.107836 -0.36) (end 0.107836 -0.36) (layer F.SilkS) (width 0.12))
    (fp_line (start 0.5 0.25) (end -0.5 0.25) (layer F.Fab) (width 0.1))
    (fp_line (start 0.5 -0.25) (end 0.5 0.25) (layer F.Fab) (width 0.1))
    (fp_line (start -0.5 -0.25) (end 0.5 -0.25) (layer F.Fab) (width 0.1))
    (fp_line (start -0.5 0.25) (end -0.5 -0.25) (layer F.Fab) (width 0.1))
    (fp_text user %R (at 0 0) (layer F.Fab)
      (effects (font (size 0.25 0.25) (thickness 0.04)))
    )
    (pad 2 smd roundrect (at 0.48 0) (size 0.56 0.62) (layers F.Cu F.Paste F.Mask) (roundrect_rratio 0.25)
      (net 1 GND))
    (pad 1 smd roundrect (at -0.48 0) (size 0.56 0.62) (layers F.Cu F.Paste F.Mask) (roundrect_rratio 0.25)
      (net 3 +3V3))
    (model ${KISYS3DMOD}/Capacitor_SMD.3dshapes/C_0402_1005Metric.wrl
      (at (xyz 0 0 0))
      (scale (xyz 1 1 1))
      (rotate (xyz 0 0 0))
    )
  )

  (module Capacitor_SMD:C_0402_1005Metric (layer F.Cu) (tedit 5F68FEEE) (tstamp 61CBF8C7)
    (at 176.8 131.1 270)
    (descr "Capacitor SMD 0402 (1005 Metric), square (rectangular) end terminal, IPC_7351 nominal, (Body size source: IPC-SM-782 page 76, https://www.pcb-3d.com/wordpress/wp-content/uploads/ipc-sm-782a_amendment_1_and_2.pdf), generated with kicad-footprint-generator")
    (tags capacitor)
    (path /61D725E8)
    (attr smd)
    (fp_text reference C6 (at 0.55 -1.3 180) (layer F.SilkS)
      (effects (font (size 0.75 0.75) (thickness 0.15)))
    )
    (fp_text value 100n (at 0 1.16 90) (layer F.Fab)
      (effects (font (size 1 1) (thickness 0.15)))
    )
    (fp_line (start -0.5 0.25) (end -0.5 -0.25) (layer F.Fab) (width 0.1))
    (fp_line (start -0.5 -0.25) (end 0.5 -0.25) (layer F.Fab) (width 0.1))
    (fp_line (start 0.5 -0.25) (end 0.5 0.25) (layer F.Fab) (width 0.1))
    (fp_line (start 0.5 0.25) (end -0.5 0.25) (layer F.Fab) (width 0.1))
    (fp_line (start -0.107836 -0.36) (end 0.107836 -0.36) (layer F.SilkS) (width 0.12))
    (fp_line (start -0.107836 0.36) (end 0.107836 0.36) (layer F.SilkS) (width 0.12))
    (fp_line (start -0.91 0.46) (end -0.91 -0.46) (layer F.CrtYd) (width 0.05))
    (fp_line (start -0.91 -0.46) (end 0.91 -0.46) (layer F.CrtYd) (width 0.05))
    (fp_line (start 0.91 -0.46) (end 0.91 0.46) (layer F.CrtYd) (width 0.05))
    (fp_line (start 0.91 0.46) (end -0.91 0.46) (layer F.CrtYd) (width 0.05))
    (fp_text user %R (at 0 0 90) (layer F.Fab)
      (effects (font (size 0.25 0.25) (thickness 0.04)))
    )
    (pad 1 smd roundrect (at -0.48 0 270) (size 0.56 0.62) (layers F.Cu F.Paste F.Mask) (roundrect_rratio 0.25)
      (net 3 +3V3))
    (pad 2 smd roundrect (at 0.48 0 270) (size 0.56 0.62) (layers F.Cu F.Paste F.Mask) (roundrect_rratio 0.25)
      (net 1 GND))
    (model ${KISYS3DMOD}/Capacitor_SMD.3dshapes/C_0402_1005Metric.wrl
      (at (xyz 0 0 0))
      (scale (xyz 1 1 1))
      (rotate (xyz 0 0 0))
    )
  )

  (module Capacitor_SMD:C_0402_1005Metric (layer F.Cu) (tedit 5F68FEEE) (tstamp 61CBF8D8)
    (at 190.65 122.85 270)
    (descr "Capacitor SMD 0402 (1005 Metric), square (rectangular) end terminal, IPC_7351 nominal, (Body size source: IPC-SM-782 page 76, https://www.pcb-3d.com/wordpress/wp-content/uploads/ipc-sm-782a_amendment_1_and_2.pdf), generated with kicad-footprint-generator")
    (tags capacitor)
    (path /61D72B6F)
    (attr smd)
    (fp_text reference C7 (at 0 -1.35 180) (layer F.SilkS)
      (effects (font (size 0.75 0.75) (thickness 0.15)))
    )
    (fp_text value 100n (at 0 1.16 90) (layer F.Fab)
      (effects (font (size 1 1) (thickness 0.15)))
    )
    (fp_line (start 0.91 0.46) (end -0.91 0.46) (layer F.CrtYd) (width 0.05))
    (fp_line (start 0.91 -0.46) (end 0.91 0.46) (layer F.CrtYd) (width 0.05))
    (fp_line (start -0.91 -0.46) (end 0.91 -0.46) (layer F.CrtYd) (width 0.05))
    (fp_line (start -0.91 0.46) (end -0.91 -0.46) (layer F.CrtYd) (width 0.05))
    (fp_line (start -0.107836 0.36) (end 0.107836 0.36) (layer F.SilkS) (width 0.12))
    (fp_line (start -0.107836 -0.36) (end 0.107836 -0.36) (layer F.SilkS) (width 0.12))
    (fp_line (start 0.5 0.25) (end -0.5 0.25) (layer F.Fab) (width 0.1))
    (fp_line (start 0.5 -0.25) (end 0.5 0.25) (layer F.Fab) (width 0.1))
    (fp_line (start -0.5 -0.25) (end 0.5 -0.25) (layer F.Fab) (width 0.1))
    (fp_line (start -0.5 0.25) (end -0.5 -0.25) (layer F.Fab) (width 0.1))
    (fp_text user %R (at 0 0 90) (layer F.Fab)
      (effects (font (size 0.25 0.25) (thickness 0.04)))
    )
    (pad 2 smd roundrect (at 0.48 0 270) (size 0.56 0.62) (layers F.Cu F.Paste F.Mask) (roundrect_rratio 0.25)
      (net 1 GND))
    (pad 1 smd roundrect (at -0.48 0 270) (size 0.56 0.62) (layers F.Cu F.Paste F.Mask) (roundrect_rratio 0.25)
      (net 3 +3V3))
    (model ${KISYS3DMOD}/Capacitor_SMD.3dshapes/C_0402_1005Metric.wrl
      (at (xyz 0 0 0))
      (scale (xyz 1 1 1))
      (rotate (xyz 0 0 0))
    )
  )

  (module Capacitor_SMD:C_0402_1005Metric (layer F.Cu) (tedit 5F68FEEE) (tstamp 61CBF8E9)
    (at 184.7 133.7 180)
    (descr "Capacitor SMD 0402 (1005 Metric), square (rectangular) end terminal, IPC_7351 nominal, (Body size source: IPC-SM-782 page 76, https://www.pcb-3d.com/wordpress/wp-content/uploads/ipc-sm-782a_amendment_1_and_2.pdf), generated with kicad-footprint-generator")
    (tags capacitor)
    (path /61D87303)
    (attr smd)
    (fp_text reference C8 (at 1.8 -0.45) (layer F.SilkS)
      (effects (font (size 0.75 0.75) (thickness 0.15)))
    )
    (fp_text value 1u (at 0 1.16) (layer F.Fab)
      (effects (font (size 1 1) (thickness 0.15)))
    )
    (fp_line (start -0.5 0.25) (end -0.5 -0.25) (layer F.Fab) (width 0.1))
    (fp_line (start -0.5 -0.25) (end 0.5 -0.25) (layer F.Fab) (width 0.1))
    (fp_line (start 0.5 -0.25) (end 0.5 0.25) (layer F.Fab) (width 0.1))
    (fp_line (start 0.5 0.25) (end -0.5 0.25) (layer F.Fab) (width 0.1))
    (fp_line (start -0.107836 -0.36) (end 0.107836 -0.36) (layer F.SilkS) (width 0.12))
    (fp_line (start -0.107836 0.36) (end 0.107836 0.36) (layer F.SilkS) (width 0.12))
    (fp_line (start -0.91 0.46) (end -0.91 -0.46) (layer F.CrtYd) (width 0.05))
    (fp_line (start -0.91 -0.46) (end 0.91 -0.46) (layer F.CrtYd) (width 0.05))
    (fp_line (start 0.91 -0.46) (end 0.91 0.46) (layer F.CrtYd) (width 0.05))
    (fp_line (start 0.91 0.46) (end -0.91 0.46) (layer F.CrtYd) (width 0.05))
    (fp_text user %R (at 0 0) (layer F.Fab)
      (effects (font (size 0.25 0.25) (thickness 0.04)))
    )
    (pad 1 smd roundrect (at -0.48 0 180) (size 0.56 0.62) (layers F.Cu F.Paste F.Mask) (roundrect_rratio 0.25)
      (net 4 +3.3VA))
    (pad 2 smd roundrect (at 0.48 0 180) (size 0.56 0.62) (layers F.Cu F.Paste F.Mask) (roundrect_rratio 0.25)
      (net 1 GND))
    (model ${KISYS3DMOD}/Capacitor_SMD.3dshapes/C_0402_1005Metric.wrl
      (at (xyz 0 0 0))
      (scale (xyz 1 1 1))
      (rotate (xyz 0 0 0))
    )
  )

  (module Capacitor_SMD:C_0402_1005Metric (layer F.Cu) (tedit 5F68FEEE) (tstamp 61CBF8FA)
    (at 184.7 135 180)
    (descr "Capacitor SMD 0402 (1005 Metric), square (rectangular) end terminal, IPC_7351 nominal, (Body size source: IPC-SM-782 page 76, https://www.pcb-3d.com/wordpress/wp-content/uploads/ipc-sm-782a_amendment_1_and_2.pdf), generated with kicad-footprint-generator")
    (tags capacitor)
    (path /61D8831F)
    (attr smd)
    (fp_text reference C9 (at 0.05 -1.15) (layer F.SilkS)
      (effects (font (size 0.75 0.75) (thickness 0.15)))
    )
    (fp_text value 100n (at 0 1.16) (layer F.Fab)
      (effects (font (size 1 1) (thickness 0.15)))
    )
    (fp_line (start 0.91 0.46) (end -0.91 0.46) (layer F.CrtYd) (width 0.05))
    (fp_line (start 0.91 -0.46) (end 0.91 0.46) (layer F.CrtYd) (width 0.05))
    (fp_line (start -0.91 -0.46) (end 0.91 -0.46) (layer F.CrtYd) (width 0.05))
    (fp_line (start -0.91 0.46) (end -0.91 -0.46) (layer F.CrtYd) (width 0.05))
    (fp_line (start -0.107836 0.36) (end 0.107836 0.36) (layer F.SilkS) (width 0.12))
    (fp_line (start -0.107836 -0.36) (end 0.107836 -0.36) (layer F.SilkS) (width 0.12))
    (fp_line (start 0.5 0.25) (end -0.5 0.25) (layer F.Fab) (width 0.1))
    (fp_line (start 0.5 -0.25) (end 0.5 0.25) (layer F.Fab) (width 0.1))
    (fp_line (start -0.5 -0.25) (end 0.5 -0.25) (layer F.Fab) (width 0.1))
    (fp_line (start -0.5 0.25) (end -0.5 -0.25) (layer F.Fab) (width 0.1))
    (fp_text user %R (at 0 0) (layer F.Fab)
      (effects (font (size 0.25 0.25) (thickness 0.04)))
    )
    (pad 2 smd roundrect (at 0.48 0 180) (size 0.56 0.62) (layers F.Cu F.Paste F.Mask) (roundrect_rratio 0.25)
      (net 1 GND))
    (pad 1 smd roundrect (at -0.48 0 180) (size 0.56 0.62) (layers F.Cu F.Paste F.Mask) (roundrect_rratio 0.25)
      (net 4 +3.3VA))
    (model ${KISYS3DMOD}/Capacitor_SMD.3dshapes/C_0402_1005Metric.wrl
      (at (xyz 0 0 0))
      (scale (xyz 1 1 1))
      (rotate (xyz 0 0 0))
    )
  )

  (module Capacitor_SMD:C_0402_1005Metric (layer F.Cu) (tedit 5F68FEEE) (tstamp 61CD0C6A)
    (at 178.9 139.8 90)
    (descr "Capacitor SMD 0402 (1005 Metric), square (rectangular) end terminal, IPC_7351 nominal, (Body size source: IPC-SM-782 page 76, https://www.pcb-3d.com/wordpress/wp-content/uploads/ipc-sm-782a_amendment_1_and_2.pdf), generated with kicad-footprint-generator")
    (tags capacitor)
    (path /61E1D51E)
    (attr smd)
    (fp_text reference C10 (at 0.45 -1.75 180) (layer F.SilkS)
      (effects (font (size 0.75 0.75) (thickness 0.15)))
    )
    (fp_text value 30p (at 0 1.16 90) (layer F.Fab)
      (effects (font (size 1 1) (thickness 0.15)))
    )
    (fp_line (start -0.5 0.25) (end -0.5 -0.25) (layer F.Fab) (width 0.1))
    (fp_line (start -0.5 -0.25) (end 0.5 -0.25) (layer F.Fab) (width 0.1))
    (fp_line (start 0.5 -0.25) (end 0.5 0.25) (layer F.Fab) (width 0.1))
    (fp_line (start 0.5 0.25) (end -0.5 0.25) (layer F.Fab) (width 0.1))
    (fp_line (start -0.107836 -0.36) (end 0.107836 -0.36) (layer F.SilkS) (width 0.12))
    (fp_line (start -0.107836 0.36) (end 0.107836 0.36) (layer F.SilkS) (width 0.12))
    (fp_line (start -0.91 0.46) (end -0.91 -0.46) (layer F.CrtYd) (width 0.05))
    (fp_line (start -0.91 -0.46) (end 0.91 -0.46) (layer F.CrtYd) (width 0.05))
    (fp_line (start 0.91 -0.46) (end 0.91 0.46) (layer F.CrtYd) (width 0.05))
    (fp_line (start 0.91 0.46) (end -0.91 0.46) (layer F.CrtYd) (width 0.05))
    (fp_text user %R (at 0 0 90) (layer F.Fab)
      (effects (font (size 0.25 0.25) (thickness 0.04)))
    )
    (pad 1 smd roundrect (at -0.48 0 90) (size 0.56 0.62) (layers F.Cu F.Paste F.Mask) (roundrect_rratio 0.25)
      (net 5 /HSE_OUT))
    (pad 2 smd roundrect (at 0.48 0 90) (size 0.56 0.62) (layers F.Cu F.Paste F.Mask) (roundrect_rratio 0.25)
      (net 1 GND))
    (model ${KISYS3DMOD}/Capacitor_SMD.3dshapes/C_0402_1005Metric.wrl
      (at (xyz 0 0 0))
      (scale (xyz 1 1 1))
      (rotate (xyz 0 0 0))
    )
  )

  (module Capacitor_SMD:C_0402_1005Metric (layer F.Cu) (tedit 5F68FEEE) (tstamp 61CD00B5)
    (at 186.9 139.9 270)
    (descr "Capacitor SMD 0402 (1005 Metric), square (rectangular) end terminal, IPC_7351 nominal, (Body size source: IPC-SM-782 page 76, https://www.pcb-3d.com/wordpress/wp-content/uploads/ipc-sm-782a_amendment_1_and_2.pdf), generated with kicad-footprint-generator")
    (tags capacitor)
    (path /61E1DE61)
    (attr smd)
    (fp_text reference C11 (at -0.5 -1.75 180) (layer F.SilkS)
      (effects (font (size 0.75 0.75) (thickness 0.15)))
    )
    (fp_text value 30p (at 0 1.16 90) (layer F.Fab)
      (effects (font (size 1 1) (thickness 0.15)))
    )
    (fp_line (start 0.91 0.46) (end -0.91 0.46) (layer F.CrtYd) (width 0.05))
    (fp_line (start 0.91 -0.46) (end 0.91 0.46) (layer F.CrtYd) (width 0.05))
    (fp_line (start -0.91 -0.46) (end 0.91 -0.46) (layer F.CrtYd) (width 0.05))
    (fp_line (start -0.91 0.46) (end -0.91 -0.46) (layer F.CrtYd) (width 0.05))
    (fp_line (start -0.107836 0.36) (end 0.107836 0.36) (layer F.SilkS) (width 0.12))
    (fp_line (start -0.107836 -0.36) (end 0.107836 -0.36) (layer F.SilkS) (width 0.12))
    (fp_line (start 0.5 0.25) (end -0.5 0.25) (layer F.Fab) (width 0.1))
    (fp_line (start 0.5 -0.25) (end 0.5 0.25) (layer F.Fab) (width 0.1))
    (fp_line (start -0.5 -0.25) (end 0.5 -0.25) (layer F.Fab) (width 0.1))
    (fp_line (start -0.5 0.25) (end -0.5 -0.25) (layer F.Fab) (width 0.1))
    (fp_text user %R (at 0 0 90) (layer F.Fab)
      (effects (font (size 0.25 0.25) (thickness 0.04)))
    )
    (pad 2 smd roundrect (at 0.48 0 270) (size 0.56 0.62) (layers F.Cu F.Paste F.Mask) (roundrect_rratio 0.25)
      (net 1 GND))
    (pad 1 smd roundrect (at -0.48 0 270) (size 0.56 0.62) (layers F.Cu F.Paste F.Mask) (roundrect_rratio 0.25)
      (net 6 /HSE_IN))
    (model ${KISYS3DMOD}/Capacitor_SMD.3dshapes/C_0402_1005Metric.wrl
      (at (xyz 0 0 0))
      (scale (xyz 1 1 1))
      (rotate (xyz 0 0 0))
    )
  )

  (module LED_SMD:LED_0603_1608Metric (layer F.Cu) (tedit 5F68FEF1) (tstamp 61CCFA26)
    (at 197.65 109.0125 90)
    (descr "LED SMD 0603 (1608 Metric), square (rectangular) end terminal, IPC_7351 nominal, (Body size source: http://www.tortai-tech.com/upload/download/2011102023233369053.pdf), generated with kicad-footprint-generator")
    (tags LED)
    (path /620143D2)
    (attr smd)
    (fp_text reference D1 (at -0.2375 1.5 180) (layer F.SilkS)
      (effects (font (size 0.75 0.75) (thickness 0.15)))
    )
    (fp_text value RED_LED (at 0 1.43 90) (layer F.Fab)
      (effects (font (size 1 1) (thickness 0.15)))
    )
    (fp_line (start 0.8 -0.4) (end -0.5 -0.4) (layer F.Fab) (width 0.1))
    (fp_line (start -0.5 -0.4) (end -0.8 -0.1) (layer F.Fab) (width 0.1))
    (fp_line (start -0.8 -0.1) (end -0.8 0.4) (layer F.Fab) (width 0.1))
    (fp_line (start -0.8 0.4) (end 0.8 0.4) (layer F.Fab) (width 0.1))
    (fp_line (start 0.8 0.4) (end 0.8 -0.4) (layer F.Fab) (width 0.1))
    (fp_line (start 0.8 -0.735) (end -1.485 -0.735) (layer F.SilkS) (width 0.12))
    (fp_line (start -1.485 -0.735) (end -1.485 0.735) (layer F.SilkS) (width 0.12))
    (fp_line (start -1.485 0.735) (end 0.8 0.735) (layer F.SilkS) (width 0.12))
    (fp_line (start -1.48 0.73) (end -1.48 -0.73) (layer F.CrtYd) (width 0.05))
    (fp_line (start -1.48 -0.73) (end 1.48 -0.73) (layer F.CrtYd) (width 0.05))
    (fp_line (start 1.48 -0.73) (end 1.48 0.73) (layer F.CrtYd) (width 0.05))
    (fp_line (start 1.48 0.73) (end -1.48 0.73) (layer F.CrtYd) (width 0.05))
    (fp_text user %R (at 0 0 90) (layer F.Fab)
      (effects (font (size 0.4 0.4) (thickness 0.06)))
    )
    (pad 1 smd roundrect (at -0.7875 0 90) (size 0.875 0.95) (layers F.Cu F.Paste F.Mask) (roundrect_rratio 0.25)
      (net 7 "Net-(D1-Pad1)"))
    (pad 2 smd roundrect (at 0.7875 0 90) (size 0.875 0.95) (layers F.Cu F.Paste F.Mask) (roundrect_rratio 0.25)
      (net 3 +3V3))
    (model ${KISYS3DMOD}/LED_SMD.3dshapes/LED_0603_1608Metric.wrl
      (at (xyz 0 0 0))
      (scale (xyz 1 1 1))
      (rotate (xyz 0 0 0))
    )
  )

  (module Inductor_SMD:L_0805_2012Metric (layer F.Cu) (tedit 5F68FEF0) (tstamp 61CCE28D)
    (at 190.3 111.1 270)
    (descr "Inductor SMD 0805 (2012 Metric), square (rectangular) end terminal, IPC_7351 nominal, (Body size source: IPC-SM-782 page 80, https://www.pcb-3d.com/wordpress/wp-content/uploads/ipc-sm-782a_amendment_1_and_2.pdf), generated with kicad-footprint-generator")
    (tags inductor)
    (path /62014420)
    (attr smd)
    (fp_text reference FB1 (at -2.4 -0.05 180) (layer F.SilkS)
      (effects (font (size 0.75 0.75) (thickness 0.15)))
    )
    (fp_text value 100R (at 0 1.55 90) (layer F.Fab)
      (effects (font (size 1 1) (thickness 0.15)))
    )
    (fp_line (start -1 0.45) (end -1 -0.45) (layer F.Fab) (width 0.1))
    (fp_line (start -1 -0.45) (end 1 -0.45) (layer F.Fab) (width 0.1))
    (fp_line (start 1 -0.45) (end 1 0.45) (layer F.Fab) (width 0.1))
    (fp_line (start 1 0.45) (end -1 0.45) (layer F.Fab) (width 0.1))
    (fp_line (start -0.399622 -0.56) (end 0.399622 -0.56) (layer F.SilkS) (width 0.12))
    (fp_line (start -0.399622 0.56) (end 0.399622 0.56) (layer F.SilkS) (width 0.12))
    (fp_line (start -1.75 0.85) (end -1.75 -0.85) (layer F.CrtYd) (width 0.05))
    (fp_line (start -1.75 -0.85) (end 1.75 -0.85) (layer F.CrtYd) (width 0.05))
    (fp_line (start 1.75 -0.85) (end 1.75 0.85) (layer F.CrtYd) (width 0.05))
    (fp_line (start 1.75 0.85) (end -1.75 0.85) (layer F.CrtYd) (width 0.05))
    (fp_text user %R (at 0 0 90) (layer F.Fab)
      (effects (font (size 0.5 0.5) (thickness 0.08)))
    )
    (pad 1 smd roundrect (at -1.0625 0 270) (size 0.875 1.2) (layers F.Cu F.Paste F.Mask) (roundrect_rratio 0.25)
      (net 2 VCC))
    (pad 2 smd roundrect (at 1.0625 0 270) (size 0.875 1.2) (layers F.Cu F.Paste F.Mask) (roundrect_rratio 0.25)
      (net 10 +5V))
    (model ${KISYS3DMOD}/Inductor_SMD.3dshapes/L_0805_2012Metric.wrl
      (at (xyz 0 0 0))
      (scale (xyz 1 1 1))
      (rotate (xyz 0 0 0))
    )
  )

  (module Connector_USB:USB_Micro-B_Wuerth_629105150521 (layer F.Cu) (tedit 5A142044) (tstamp 61CC1689)
    (at 183 108.75 180)
    (descr "USB Micro-B receptacle, http://www.mouser.com/ds/2/445/629105150521-469306.pdf")
    (tags "usb micro receptacle")
    (path /6201442C)
    (attr smd)
    (fp_text reference J1 (at 0 0.35) (layer F.SilkS)
      (effects (font (size 1 1) (thickness 0.15)))
    )
    (fp_text value USB_B_Micro (at 0 5.6) (layer F.Fab)
      (effects (font (size 1 1) (thickness 0.15)))
    )
    (fp_line (start -4 -2.25) (end -4 3.15) (layer F.Fab) (width 0.15))
    (fp_line (start -4 3.15) (end -3.7 3.15) (layer F.Fab) (width 0.15))
    (fp_line (start -3.7 3.15) (end -3.7 4.35) (layer F.Fab) (width 0.15))
    (fp_line (start -3.7 4.35) (end 3.7 4.35) (layer F.Fab) (width 0.15))
    (fp_line (start 3.7 4.35) (end 3.7 3.15) (layer F.Fab) (width 0.15))
    (fp_line (start 3.7 3.15) (end 4 3.15) (layer F.Fab) (width 0.15))
    (fp_line (start 4 3.15) (end 4 -2.25) (layer F.Fab) (width 0.15))
    (fp_line (start 4 -2.25) (end -4 -2.25) (layer F.Fab) (width 0.15))
    (fp_line (start -2.7 3.75) (end 2.7 3.75) (layer F.Fab) (width 0.15))
    (fp_line (start -1.075 -2.725) (end -1.3 -2.55) (layer F.Fab) (width 0.15))
    (fp_line (start -1.3 -2.55) (end -1.525 -2.725) (layer F.Fab) (width 0.15))
    (fp_line (start -1.525 -2.725) (end -1.525 -2.95) (layer F.Fab) (width 0.15))
    (fp_line (start -1.525 -2.95) (end -1.075 -2.95) (layer F.Fab) (width 0.15))
    (fp_line (start -1.075 -2.95) (end -1.075 -2.725) (layer F.Fab) (width 0.15))
    (fp_line (start -4.15 -0.65) (end -4.15 0.75) (layer F.SilkS) (width 0.15))
    (fp_line (start -4.15 3.15) (end -4.15 3.3) (layer F.SilkS) (width 0.15))
    (fp_line (start -4.15 3.3) (end -3.85 3.3) (layer F.SilkS) (width 0.15))
    (fp_line (start -3.85 3.3) (end -3.85 3.75) (layer F.SilkS) (width 0.15))
    (fp_line (start 3.85 3.75) (end 3.85 3.3) (layer F.SilkS) (width 0.15))
    (fp_line (start 3.85 3.3) (end 4.15 3.3) (layer F.SilkS) (width 0.15))
    (fp_line (start 4.15 3.3) (end 4.15 3.15) (layer F.SilkS) (width 0.15))
    (fp_line (start 4.15 0.75) (end 4.15 -0.65) (layer F.SilkS) (width 0.15))
    (fp_line (start -1.075 -2.825) (end -1.8 -2.825) (layer F.SilkS) (width 0.15))
    (fp_line (start -1.8 -2.825) (end -1.8 -2.4) (layer F.SilkS) (width 0.15))
    (fp_line (start -1.8 -2.4) (end -2.8 -2.4) (layer F.SilkS) (width 0.15))
    (fp_line (start 1.8 -2.4) (end 2.8 -2.4) (layer F.SilkS) (width 0.15))
    (fp_line (start -4.94 -3.34) (end -4.94 4.85) (layer F.CrtYd) (width 0.05))
    (fp_line (start -4.94 4.85) (end 4.95 4.85) (layer F.CrtYd) (width 0.05))
    (fp_line (start 4.95 4.85) (end 4.95 -3.34) (layer F.CrtYd) (width 0.05))
    (fp_line (start 4.95 -3.34) (end -4.94 -3.34) (layer F.CrtYd) (width 0.05))
    (fp_text user %R (at 0 1.05) (layer F.Fab)
      (effects (font (size 1 1) (thickness 0.15)))
    )
    (fp_text user "PCB Edge" (at 0 3.75) (layer Dwgs.User)
      (effects (font (size 0.5 0.5) (thickness 0.08)))
    )
    (pad 1 smd rect (at -1.3 -1.9 180) (size 0.45 1.3) (layers F.Cu F.Paste F.Mask)
      (net 10 +5V))
    (pad 2 smd rect (at -0.65 -1.9 180) (size 0.45 1.3) (layers F.Cu F.Paste F.Mask)
      (net 11 USB_D-))
    (pad 3 smd rect (at 0 -1.9 180) (size 0.45 1.3) (layers F.Cu F.Paste F.Mask)
      (net 12 USB_D+))
    (pad 4 smd rect (at 0.65 -1.9 180) (size 0.45 1.3) (layers F.Cu F.Paste F.Mask)
      (net 13 "Net-(J1-Pad4)"))
    (pad 5 smd rect (at 1.3 -1.9 180) (size 0.45 1.3) (layers F.Cu F.Paste F.Mask)
      (net 1 GND))
    (pad 6 thru_hole oval (at -3.725 -1.85 180) (size 1.45 2) (drill oval 0.85 1.4) (layers *.Cu *.Mask)
      (net 14 "Net-(J1-Pad6)"))
    (pad 6 thru_hole oval (at 3.725 -1.85 180) (size 1.45 2) (drill oval 0.85 1.4) (layers *.Cu *.Mask)
      (net 14 "Net-(J1-Pad6)"))
    (pad 6 thru_hole oval (at -3.875 1.95 180) (size 1.15 1.8) (drill oval 0.55 1.2) (layers *.Cu *.Mask)
      (net 14 "Net-(J1-Pad6)"))
    (pad 6 thru_hole oval (at 3.875 1.95 180) (size 1.15 1.8) (drill oval 0.55 1.2) (layers *.Cu *.Mask)
      (net 14 "Net-(J1-Pad6)"))
    (pad "" np_thru_hole oval (at -2.5 -0.8 180) (size 0.8 0.8) (drill 0.8) (layers *.Cu *.Mask))
    (pad "" np_thru_hole oval (at 2.5 -0.8 180) (size 0.8 0.8) (drill 0.8) (layers *.Cu *.Mask))
    (model ${KISYS3DMOD}/Connector_USB.3dshapes/USB_Micro-B_Wuerth_629105150521.wrl
      (offset (xyz 1 0 0))
      (scale (xyz 1 1 0.7))
      (rotate (xyz 0 0 0))
    )
    (model D:/PCB/STM32_Devkit/usb_3d_model/Molex_Mirco_USB_105017-0001.wrl
      (offset (xyz 0 1 -0.5))
      (scale (xyz 1 1.1 1.1))
      (rotate (xyz 0 0 0))
    )
    (model D:/PCB/STM32_Devkit/usb_3d_model/USB_Micro-B_Molex-105017-0001.kicad_mod
      (at (xyz 0 0 0))
      (scale (xyz 1 1 1))
      (rotate (xyz 0 0 0))
    )
  )

  (module Connector_PinHeader_2.54mm:PinHeader_1x15_P2.54mm_Vertical (layer F.Cu) (tedit 59FED5CC) (tstamp 61CBF9AA)
    (at 163.75 109.5)
    (descr "Through hole straight pin header, 1x15, 2.54mm pitch, single row")
    (tags "Through hole pin header THT 1x15 2.54mm single row")
    (path /6201446A)
    (fp_text reference J2 (at 0 -2.33) (layer F.SilkS) hide
      (effects (font (size 1 1) (thickness 0.15)))
    )
    (fp_text value Conn_01x15 (at 0 37.89) (layer F.Fab)
      (effects (font (size 1 1) (thickness 0.15)))
    )
    (fp_line (start 1.8 -1.8) (end -1.8 -1.8) (layer F.CrtYd) (width 0.05))
    (fp_line (start 1.8 37.35) (end 1.8 -1.8) (layer F.CrtYd) (width 0.05))
    (fp_line (start -1.8 37.35) (end 1.8 37.35) (layer F.CrtYd) (width 0.05))
    (fp_line (start -1.8 -1.8) (end -1.8 37.35) (layer F.CrtYd) (width 0.05))
    (fp_line (start -1.33 -1.33) (end 0 -1.33) (layer F.SilkS) (width 0.12))
    (fp_line (start -1.33 0) (end -1.33 -1.33) (layer F.SilkS) (width 0.12))
    (fp_line (start -1.33 1.27) (end 1.33 1.27) (layer F.SilkS) (width 0.12))
    (fp_line (start 1.33 1.27) (end 1.33 36.89) (layer F.SilkS) (width 0.12))
    (fp_line (start -1.33 1.27) (end -1.33 36.89) (layer F.SilkS) (width 0.12))
    (fp_line (start -1.33 36.89) (end 1.33 36.89) (layer F.SilkS) (width 0.12))
    (fp_line (start -1.27 -0.635) (end -0.635 -1.27) (layer F.Fab) (width 0.1))
    (fp_line (start -1.27 36.83) (end -1.27 -0.635) (layer F.Fab) (width 0.1))
    (fp_line (start 1.27 36.83) (end -1.27 36.83) (layer F.Fab) (width 0.1))
    (fp_line (start 1.27 -1.27) (end 1.27 36.83) (layer F.Fab) (width 0.1))
    (fp_line (start -0.635 -1.27) (end 1.27 -1.27) (layer F.Fab) (width 0.1))
    (fp_text user %R (at 0 17.78 90) (layer F.Fab)
      (effects (font (size 1 1) (thickness 0.15)))
    )
    (pad 15 thru_hole oval (at 0 35.56) (size 1.7 1.7) (drill 1) (layers *.Cu *.Mask)
      (net 33 PC15))
    (pad 14 thru_hole oval (at 0 33.02) (size 1.7 1.7) (drill 1) (layers *.Cu *.Mask)
      (net 32 PC14))
    (pad 13 thru_hole oval (at 0 30.48) (size 1.7 1.7) (drill 1) (layers *.Cu *.Mask)
      (net 31 PC13))
    (pad 12 thru_hole oval (at 0 27.94) (size 1.7 1.7) (drill 1) (layers *.Cu *.Mask)
      (net 30 PB9))
    (pad 11 thru_hole oval (at 0 25.4) (size 1.7 1.7) (drill 1) (layers *.Cu *.Mask)
      (net 29 PB8))
    (pad 10 thru_hole oval (at 0 22.86) (size 1.7 1.7) (drill 1) (layers *.Cu *.Mask)
      (net 28 PB7))
    (pad 9 thru_hole oval (at 0 20.32) (size 1.7 1.7) (drill 1) (layers *.Cu *.Mask)
      (net 27 PB6))
    (pad 8 thru_hole oval (at 0 17.78) (size 1.7 1.7) (drill 1) (layers *.Cu *.Mask)
      (net 26 PB5))
    (pad 7 thru_hole oval (at 0 15.24) (size 1.7 1.7) (drill 1) (layers *.Cu *.Mask)
      (net 25 PB4))
    (pad 6 thru_hole oval (at 0 12.7) (size 1.7 1.7) (drill 1) (layers *.Cu *.Mask)
      (net 24 SWO))
